0,0,3.492
0.005,0,3.374
0.01,0,3.2896
0.015,0,3.1768
0.02,0,3.0218
0.025,0,2.785
0.03,0,2.5488
0.035,0,2.3124
0.04,0,2.0762
0.045,0,1.8408
0.05,0,1.6064
0.055,0,1.372
0.06,0,1.1372
0.065,0,0.902399999999999
0.07,0,0.6674
0.075,0,0.432599999999999
0.08,0,0.1976
0,0.005,3.48
0.005,0.005,3.373
0.01,0.005,3.2808
0.015,0.005,3.176
0.02,0.005,3.055
0.025,0.005,2.8136
0.03,0.005,2.572
0.035,0.005,2.331
0.04,0.005,2.0902
0.045,0.005,1.85
0.05,0.005,1.6108
0.055,0.005,1.3716
0.06,0.005,1.132
0.065,0.005,0.892399999999999
0.07,0.005,0.653
0.075,0.005,0.4132
0.08,0.005,0.1736
0,0.01,3.4838
0.005,0.01,3.3706
0.01,0.01,3.288
0.015,0.01,3.1756
0.02,0.01,3.026
0.025,0.01,2.7862
0.03,0.01,2.547
0.035,0.01,2.3076
0.04,0.01,2.0686
0.045,0.01,1.8306
0.05,0.01,1.5932
0.055,0.01,1.3558
0.06,0.01,1.1182
0.065,0.01,0.880599999999999
0.07,0.01,0.642799999999999
0.075,0.01,0.4048
0.08,0.01,0.167
0,0.015,3.4804
0.005,0.015,3.367
0.01,0.015,3.2758
0.015,0.015,3.1698
0.02,0.015,3.0646
0.025,0.015,2.8218
0.03,0.015,2.5794
0.035,0.015,2.337
0.04,0.015,2.095
0.045,0.015,1.8538
0.05,0.015,1.6132
0.055,0.015,1.3728
0.06,0.015,1.1322
0.065,0.015,0.8916
0.07,0.015,0.650799999999999
0.075,0.015,0.4102
0.08,0.015,0.1694
0,0.02,3.4668
0.005,0.02,3.3648
0.01,0.02,3.2862
0.015,0.02,3.1732
0.02,0.02,3.0372
0.025,0.02,2.7982
0.03,0.02,2.5594
0.035,0.02,2.3208
0.04,0.02,2.0824
0.045,0.02,1.845
0.05,0.02,1.6082
0.055,0.02,1.3714
0.06,0.02,1.1344
0.065,0.02,0.897399999999999
0.07,0.02,0.659999999999999
0.075,0.02,0.422799999999999
0.08,0.02,0.185599999999999
0,0.025,3.484
0.005,0.025,3.3616
0.01,0.025,3.2744
0.015,0.025,3.1724
0.02,0.025,3.0732
0.025,0.025,2.831
0.03,0.025,2.589
0.035,0.025,2.3472
0.04,0.025,2.1058
0.045,0.025,1.865
0.05,0.025,1.625
0.055,0.025,1.3852
0.06,0.025,1.1452
0.065,0.025,0.904999999999999
0.07,0.025,0.6648
0.075,0.025,0.4244
0.08,0.025,0.184199999999999
0,0.03,3.4808
0.005,0.03,3.3652
0.01,0.03,3.2868
0.015,0.03,3.1734
0.02,0.03,3.0374
0.025,0.03,2.799
0.03,0.03,2.561
0.035,0.03,2.3232
0.04,0.03,2.0856
0.045,0.03,1.8486
0.05,0.03,1.6126
0.055,0.03,1.3766
0.06,0.03,1.1404
0.065,0.03,0.904
0.07,0.03,0.6678
0.075,0.03,0.431199999999999
0.08,0.03,0.194799999999999
0,0.035,3.4874
0.005,0.035,3.3708
0.01,0.035,3.2806
0.015,0.035,3.178
0.02,0.035,3.0838
0.025,0.035,2.8406
0.03,0.035,2.598
0.035,0.035,2.3552
0.04,0.035,2.1128
0.045,0.035,1.871
0.05,0.035,1.6302
0.055,0.035,1.3896
0.06,0.035,1.1486
0.065,0.035,0.9074
0.07,0.035,0.666399999999999
0.075,0.035,0.4252
0.08,0.035,0.184199999999999
0,0.04,3.4828
0.005,0.04,3.3706
0.01,0.04,3.2912
0.015,0.04,3.185
0.02,0.04,3.0456
0.025,0.04,2.8078
0.03,0.04,2.57
0.035,0.04,2.3326
0.04,0.04,2.0956
0.045,0.04,1.859
0.05,0.04,1.6234
0.055,0.04,1.3878
0.06,0.04,1.1518
0.065,0.04,0.915999999999999
0.07,0.04,0.680199999999999
0.075,0.04,0.443999999999999
0.08,0.04,0.208
0,0.045,3.5016
0.005,0.045,3.3826
0.01,0.045,3.2846
0.015,0.045,3.1842
0.02,0.045,3.0736
0.025,0.045,2.8158
0.03,0.045,2.5582
0.035,0.045,2.301
0.04,0.045,2.044
0.045,0.045,1.788
0.05,0.045,1.533
0.055,0.045,1.2778
0.06,0.045,1.0222
0.065,0.045,0.7668
0.07,0.045,0.511199999999999
0.075,0.045,0.255599999999999
0.08,0.045,0
0,0.05,3.4532
0.005,0.05,3.3846
0.01,0.05,3.294
0.015,0.05,3.1848
0.02,0.05,3.0458
0.025,0.05,2.809
0.03,0.05,2.5722
0.035,0.05,2.3358
0.04,0.05,2.0994
0.045,0.05,1.864
0.05,0.05,1.6292
0.055,0.05,1.3946
0.06,0.05,1.1598
0.065,0.05,0.925
0.07,0.05,0.6898
0.075,0.05,0.454799999999999
0.08,0.05,0.219799999999999
0,0.055,3.509
0.005,0.055,3.3874
0.01,0.055,3.2796
0.015,0.055,3.1792
0.02,0.055,3.0866
0.025,0.055,2.8288
0.03,0.055,2.5714
0.035,0.055,2.3142
0.04,0.055,2.0572
0.045,0.055,1.8012
0.05,0.055,1.5464
0.055,0.055,1.2912
0.06,0.055,1.036
0.065,0.055,0.780399999999999
0.07,0.055,0.525
0.075,0.055,0.269399999999999
0.08,0.055,0.0137999999999998
0,0.06,3.414
0.005,0.06,3.3718
0.01,0.06,3.2918
0.015,0.06,3.1892
0.02,0.06,3.0812
0.025,0.06,2.9754
0.03,0.06,2.87
0.035,0.06,2.7644
0.04,0.06,2.6592
0.045,0.06,2.5538
0.05,0.06,2.4482
0.055,0.06,2.3428
0.06,0.06,2.2374
0.065,0.06,2.132
0.07,0.06,2.0264
0.075,0.06,1.921
0.08,0.06,1.8158
0,0.065,3.516
0.005,0.065,3.384
0.01,0.065,3.2824
0.015,0.065,3.1872
0.02,0.065,3.1256
0.025,0.065,3.0128
0.03,0.065,2.9006
0.035,0.065,2.788
0.04,0.065,2.6756
0.045,0.065,2.563
0.05,0.065,2.4508
0.055,0.065,2.3386
0.06,0.065,2.226
0.065,0.065,2.1134
0.07,0.065,2.001
0.075,0.065,1.8888
0.08,0.065,1.7766
0,0.07,3.4254
0.005,0.07,3.3746
0.01,0.07,3.2932
0.015,0.07,3.2
0.02,0.07,3.0986
0.025,0.07,2.8646
0.03,0.07,2.6308
0.035,0.07,2.3974
0.04,0.07,2.164
0.045,0.07,1.931
0.05,0.07,1.6988
0.055,0.07,1.4672
0.06,0.07,1.2352
0.065,0.07,1.0032
0.07,0.07,0.771
0.075,0.07,0.5388
0.08,0.07,0.306799999999999
0,0.075,3.481
0.005,0.075,3.3764
0.01,0.075,3.2868
0.015,0.075,3.1946
0.02,0.075,3.1244
0.025,0.075,3.0108
0.03,0.075,2.8974
0.035,0.075,2.7838
0.04,0.075,2.6704
0.045,0.075,2.557
0.05,0.075,2.4436
0.055,0.075,2.3306
0.06,0.075,2.217
0.065,0.075,2.1036
0.07,0.075,1.99
0.075,0.075,1.8768
0.08,0.075,1.7638
0,0.08,3.4276
0.005,0.08,3.3692
0.01,0.08,3.2964
0.015,0.08,3.2068
0.02,0.08,3.118
0.025,0.08,2.8834
0.03,0.08,2.649
0.035,0.08,2.4146
0.04,0.08,2.1806
0.045,0.08,1.947
0.05,0.08,1.7142
0.055,0.08,1.4818
0.06,0.08,1.2492
0.065,0.08,1.0164
0.07,0.08,0.7836
0.075,0.08,0.550799999999999
0.08,0.08,0.318
0,0.085,3.49
0.005,0.085,3.3768
0.01,0.085,3.2894
0.015,0.085,3.196
0.02,0.085,3.1118
0.025,0.085,2.8604
0.03,0.085,2.6092
0.035,0.085,2.3584
0.04,0.085,2.1076
0.045,0.085,1.8578
0.05,0.085,1.6088
0.055,0.085,1.3602
0.06,0.085,1.111
0.065,0.085,0.861999999999999
0.07,0.085,0.612799999999999
0.075,0.085,0.3636
0.08,0.085,0.1142
0,0.09,3.4758
0.005,0.09,3.372
0.01,0.09,3.3002
0.015,0.09,3.2114
0.02,0.09,3.0956
0.025,0.09,2.862
0.03,0.09,2.6288
0.035,0.09,2.3958
0.04,0.09,2.1628
0.045,0.09,1.9306
0.05,0.09,1.699
0.055,0.09,1.4678
0.06,0.09,1.2362
0.065,0.09,1.0046
0.07,0.09,0.773
0.075,0.09,0.541399999999999
0.08,0.09,0.309799999999999
0,0.095,3.497
0.005,0.095,3.3796
0.01,0.095,3.2958
0.015,0.095,3.209
0.02,0.095,3.1026
0.025,0.095,2.8558
0.03,0.095,2.6088
0.035,0.095,2.3624
0.04,0.095,2.1162
0.045,0.095,1.8708
0.05,0.095,1.626
0.055,0.095,1.3816
0.06,0.095,1.137
0.065,0.095,0.891999999999999
0.07,0.095,0.6472
0.075,0.095,0.4024
0.08,0.095,0.157399999999999
0,0.1,3.4914
0.005,0.1,3.38
0.01,0.1,3.3056
0.015,0.1,3.2254
0.02,0.1,3.1234
0.025,0.1,2.8738
0.03,0.1,2.6244
0.035,0.1,2.3752
0.04,0.1,2.1264
0.045,0.1,1.8784
0.05,0.1,1.6312
0.055,0.1,1.3842
0.06,0.1,1.1368
0.065,0.1,0.889399999999999
0.07,0.1,0.641999999999999
0.075,0.1,0.394399999999999
0.08,0.1,0.147
0,0.105,3.5112
0.005,0.105,3.3906
0.01,0.105,3.3014
0.015,0.105,3.2138
0.02,0.105,3.1108
0.025,0.105,2.8604
0.03,0.105,2.6106
0.035,0.105,2.3608
0.04,0.105,2.111
0.045,0.105,1.8624
0.05,0.105,1.6144
0.055,0.105,1.3668
0.06,0.105,1.1188
0.065,0.105,0.8706
0.07,0.105,0.6224
0.075,0.105,0.3744
0.08,0.105,0.126199999999999
0,0.11,3.5006
0.005,0.11,3.3832
0.01,0.11,3.3088
0.015,0.11,3.2292
0.02,0.11,3.1196
0.025,0.11,2.8684
0.03,0.11,2.6172
0.035,0.11,2.3664
0.04,0.11,2.1156
0.045,0.11,1.8658
0.05,0.11,1.6168
0.055,0.11,1.3682
0.06,0.11,1.119
0.065,0.11,0.869999999999999
0.07,0.11,0.620799999999999
0.075,0.11,0.371599999999999
0.08,0.11,0.122399999999999
0,0.115,3.4992
0.005,0.115,3.3862
0.01,0.115,3.3024
0.015,0.115,3.2124
0.02,0.115,3.1158
0.025,0.115,2.8638
0.03,0.115,2.6122
0.035,0.115,2.3606
0.04,0.115,2.1094
0.045,0.115,1.859
0.05,0.115,1.6094
0.055,0.115,1.36
0.06,0.115,1.1102
0.065,0.115,0.8606
0.07,0.115,0.610799999999999
0.075,0.115,0.360799999999999
0.08,0.115,0.110999999999999
0,0.12,3.4792
0.005,0.12,3.3742
0.01,0.12,3.31
0.015,0.12,3.228
0.02,0.12,3.1162
0.025,0.12,2.866
0.03,0.12,2.6162
0.035,0.12,2.3666
0.04,0.12,2.1172
0.045,0.12,1.8686
0.05,0.12,1.621
0.055,0.12,1.3734
0.06,0.12,1.1256
0.065,0.12,0.877999999999999
0.07,0.12,0.63
0.075,0.12,0.382
0.08,0.12,0.134
0,0.125,3.4886
0.005,0.125,3.3744
0.01,0.125,3.3044
0.015,0.125,3.2182
0.02,0.125,3.1298
0.025,0.125,2.8786
0.03,0.125,2.6272
0.035,0.125,2.3764
0.04,0.125,2.1258
0.045,0.125,1.876
0.05,0.125,1.627
0.055,0.125,1.3782
0.06,0.125,1.1292
0.065,0.125,0.88
0.07,0.125,0.6308
0.075,0.125,0.381599999999999
0.08,0.125,0.132199999999999
0,0.13,3.468
0.005,0.13,3.3632
0.01,0.13,3.3028
0.015,0.13,3.2182
0.02,0.13,3.1144
0.025,0.13,2.8638
0.03,0.13,2.6136
0.035,0.13,2.3636
0.04,0.13,2.114
0.045,0.13,1.865
0.05,0.13,1.6168
0.055,0.13,1.3688
0.06,0.13,1.1208
0.065,0.13,0.8724
0.07,0.13,0.624199999999999
0.075,0.13,0.3758
0.08,0.13,0.1272
0,0.135,3.4776
0.005,0.135,3.3662
0.01,0.135,3.3014
0.015,0.135,3.2132
0.02,0.135,3.112
0.025,0.135,2.8624
0.03,0.135,2.613
0.035,0.135,2.3638
0.04,0.135,2.1148
0.045,0.135,1.8666
0.05,0.135,1.6194
0.055,0.135,1.3724
0.06,0.135,1.125
0.065,0.135,0.877599999999999
0.07,0.135,0.630199999999999
0.075,0.135,0.3826
0.08,0.135,0.135199999999999
0,0.14,3.4694
0.005,0.14,3.359
0.01,0.14,3.303
0.015,0.14,3.2152
0.02,0.14,3.0974
0.025,0.14,2.8464
0.03,0.14,2.5956
0.035,0.14,2.3452
0.04,0.14,2.095
0.045,0.14,1.8458
0.05,0.14,1.5972
0.055,0.14,1.3488
0.06,0.14,1.1002
0.065,0.14,0.8514
0.07,0.14,0.602799999999999
0.075,0.14,0.3538
0.08,0.14,0.105
0,0.145,3.4836
0.005,0.145,3.3698
0.01,0.145,3.3004
0.015,0.145,3.1988
0.02,0.145,3.072
0.025,0.145,2.82
0.03,0.145,2.5684
0.035,0.145,2.317
0.04,0.145,2.066
0.045,0.145,1.8158
0.05,0.145,1.5666
0.055,0.145,1.3172
0.06,0.145,1.0676
0.065,0.145,0.817799999999999
0.07,0.145,0.568199999999999
0.075,0.145,0.318399999999999
0.08,0.145,0.0683999999999987
0,0.15,3.475
0.005,0.15,3.364
0.01,0.15,3.3004
0.015,0.15,3.193
0.02,0.15,3.0686
0.025,0.15,3.0676
0.03,0.15,3.067
0.035,0.15,3.066
0.04,0.15,3.065
0.045,0.15,3.064
0.05,0.15,3.0632
0.055,0.15,3.0624
0.06,0.15,3.0612
0.065,0.15,3.0602
0.07,0.15,3.0592
0.075,0.15,3.0584
0.08,0.15,3.0572
0,0.155,3.4858
0.005,0.155,3.3726
0.01,0.155,3.2948
0.015,0.155,3.1874
0.02,0.155,3.079
0.025,0.155,2.948
0.03,0.155,2.8172
0.035,0.155,2.6864
0.04,0.155,2.5556
0.045,0.155,2.425
0.05,0.155,2.2944
0.055,0.155,2.1638
0.06,0.155,2.033
0.065,0.155,1.9024
0.07,0.155,1.772
0.075,0.155,1.6416
0.08,0.155,1.5112
0,0.16,3.4366
0.005,0.16,3.365
0.01,0.16,3.3044
0.015,0.16,3.2062
0.02,0.16,3.0842
0.025,0.16,2.9558
0.03,0.16,2.8278
0.035,0.16,2.6998
0.04,0.16,2.572
0.045,0.16,2.444
0.05,0.16,2.3162
0.055,0.16,2.1882
0.06,0.16,2.0602
0.065,0.16,1.9324
0.07,0.16,1.8048
0.075,0.16,1.6772
0.08,0.16,1.5496
